0	1	2	86.02	-35.36
1	1	3	61.13	-11.12
2	1	4	76.5	-69.7
3	1	5	986.5	156.4
4	1	6	697.2	16.51
5	1	7	1318.0	300.0
6	1	8	1333.0	275.8
7	1	9	476.4	26.76
8	1	10	677.0	505.7
9	1	11	232.1	114.8
10	1	12	507.0	329.3
11	1	13	251.5	83.36
12	1	14	391.5	-30.48
13	1	15	255.7	65.33
14	1	16	206.6	-83.98
15	1	17	920.7	1139.0
16	1	18	287.77	-101.56
17	1	19	597.0	24.82
18	1	20	663.5	315.3
19	1	21	35.93	91.46
20	1	22	53.76	34.01
21	1	23	24.9	36.7
22	1	24	104.3	-78.45
23	1	25	11.44	106.8
24	1	26	661.5	-32.69
25	1	27	543.0	5541.0
26	1	28	153.6	-52.65
27	1	29	184.4	-7.481
28	1	30	354.55	-25.31
29	1	31	3025.0	139.93
30	1	32	335.8	128.0
31	1	33	479.5	-31.52
32	1	34	298.9	-72.88
33	1	35	526.5	50.49
34	1	36	689.0	-165.9
35	1	37	-4.189	47.41
36	1	38	125.8	-5.132
37	1	39	485.3	-31.95
38	1	40	-2.859	147.3
39	1	41	387.1	529.0
40	1	42	-450.4	-34.36
41	1	43	252.7	110.2
42	1	44	220.3	13.89
43	1	45	-5.869	30.74
44	1	46	390.9	27.97
45	1	47	553.3	-11.92
46	1	48	187.0	39.93
47	1	49	216.1	-23.61
48	1	50	92.99	-8.479
49	1	51	699.13	456.19
50	1	55	808.59	245.21
51	1	84	-1243.0	125.36
52	1	85	637.65	221.56
53	2	3	38.81	3.446
54	2	4	74.15	-113.6
55	2	5	524.1	457.0
56	2	6	787.6	-12.52
57	2	7	270.6	496.1
58	2	8	526.1	217.5
59	2	9	182.6	42.92
60	2	10	448.75	56.3
61	2	11	37.85	132.1
62	2	12	333.5	110.4
63	2	13	214.5	26.51
64	2	14	240.9	1.163
65	2	15	163.9	-28.7
66	2	16	61.11	-25.38
67	2	17	749.3	2000.0
68	2	18	280.5	-47.63
69	2	19	336.9	-40.62
70	2	20	318.9	1264.0
71	2	21	-36.87	40.25
72	2	22	58.55	-23.5
73	2	23	-13.99	51.06
74	2	24	-109.7	160.9
75	2	25	100.1	70.32
76	2	26	357.5	-1.996
77	2	28	76.3	16.623
78	2	30	262.9	82.64
79	2	33	183.8	174.6
80	2	34	31.14	41.38
81	2	35	179.0	64.07
82	2	36	-52.87	573.0
83	2	37	-66.46	124.2
84	2	38	359.3	-131.7
85	2	39	-70.45	249.0
86	2	40	449.4	62.4
87	2	41	48.33	1397.0
88	2	44	86.46	-16.11
89	2	46	200.2	9.755
90	2	47	268.1	132.4
91	2	48	-617.0	543.6
92	2	49	62.56	161.1
93	2	55	200.94	384.45
94	2	84	-861.46	-391.81
95	2	85	424.93	629.96
96	3	4	167.0	-146.8
97	3	5	636.1	89.6
98	3	6	637.35	-50.0
99	3	7	903.8	362.3
100	3	8	1329.0	25.34
101	3	9	25.77	140.1
102	3	10	347.3	23.39
103	3	11	5.994	85.84
104	3	12	287.1	18.12
105	3	13	32.14	52.13
106	3	14	161.7	-44.85
107	3	15	122.8	-22.31
108	3	16	90.49	-223.9
109	3	17	648.2	247.5
110	3	18	-4.449	31.87
111	3	19	212.5	-22.97
112	3	20	537.4	62.32
113	3	21	-18.81	4.68
114	3	22	-144.4	121.3
115	3	23	-231.9	288.5
116	3	24	3.0	-4.7
117	3	25	187.0	-97.27
118	3	26	168.04	10.38
119	3	27	194.9	1824.0
120	3	28	52.068	21.497
121	3	29	-10.43	28.41
122	3	30	-64.69	157.29
123	3	31	210.366	221.4
124	3	32	113.3	58.68
125	3	33	261.3	-154.2
126	3	34	154.26	-101.12
127	3	35	169.9	-2.504
128	3	36	383.9	-123.6
129	3	37	-259.1	395.8
130	3	38	389.3	-237.2
131	3	39	245.6	-133.9
132	3	40	22.67	140.6
133	3	41	103.5	317.6
134	3	42	-432.3	787.9
135	3	43	238.9	234.4
136	3	44	30.04	-23.88
137	3	45	-88.11	167.9
138	3	47	333.3	-86.88
139	3	49	-59.58	142.9
140	3	50	-39.16	23.93
141	3	55	360.82	47.05
142	4	5	803.2	25.82
143	4	6	603.25	-44.5
144	4	7	5695.0	377.6
145	4	8	884.9	244.2
146	4	9	-52.1	365.8
147	4	10	586.8	106.0
148	4	11	5688.0	-170.0
149	4	12	197.8	428.0
150	4	13	213.1	65.69
151	4	14	19.02	296.4
152	4	15	-49.29	223.0
153	4	16	23.5	109.9
154	4	17	664.2	762.8
155	4	18	52.8	49.8
156	4	19	6096.0	-138.4
157	4	20	872.3	89.86
158	4	21	-114.14	122.91
159	4	22	-111.0	140.78
160	4	23	-80.25	69.9
161	4	24	-141.3	134.7
162	4	25	-211.0	402.5
163	4	26	3629.0	-97.05
164	4	27	4448.0	-127.8
165	4	28	-9.451	40.675
166	4	29	393.6	19.56
167	4	30	48.49	128.8
168	4	31	4975.0	150.64
169	4	32	259.0	26.41
170	4	33	210.0	1112.0
171	4	34	-152.55	614.52
172	4	35	4284.0	-143.2
173	4	36	-119.2	397.4
174	4	37	-282.5	419.1
175	4	38	101.4	-157.3
176	4	39	5629.0	-240.2
177	4	40	-245.39	839.83
178	4	41	69.26	615.8
179	4	44	46.38	6.214
180	4	47	421.9	-19.45
181	4	49	-203.6	274.1
182	4	50	184.9	2.845
183	4	55	233.51	347.13
184	5	6	-137.1	249.1
185	5	7	353.5	-229.1
186	5	8	-259.7	-451.6
187	5	9	84.0	164.5
188	5	10	-203.6	529.0
189	5	11	101.1	245.4
190	5	12	267.8	139.4
191	5	13	28.06	237.7
192	5	14	8.642	-242.8
193	5	15	42.7	-150.0
194	5	16	-323.0	28.6
195	5	17	-52.39	-17.4
196	5	18	170.029	-132.3
197	5	19	6.712	185.4
198	5	20	199.0	-151.0
199	5	21	75.62	562.2
200	5	22	65.28	527.6
201	5	23	-98.12	742.1
202	5	24	143.1	856.3
203	5	25	123.5	325.7
204	5	26	256.5	261.6
205	5	27	157.1	561.6
206	5	28	488.9	609.8
207	5	29	147.5	461.6
208	5	30	-120.46	521.63
209	5	31	-318.93	267.6
210	5	32	313.5	501.3
211	5	33	202.1	524.9
212	5	34	727.8	68.95
213	5	35	-202.1	-25.87
214	5	36	74.27	389.3
215	5	37	225.8	738.9
216	5	38	44.78	649.7
217	5	39	-143.9	64.16
218	5	41	190.3	88.63
219	5	42	-817.7	1913.0
220	5	43	-1712.8	430.06
221	5	44	-504.2	796.9
222	5	45	72.96	794.4
223	5	46	-382.7	394.8
224	5	47	-248.3	517.5
225	5	49	104.7	-61.2
226	5	50	57.65	682.5
227	5	55	215.81	72.19
228	5	84	-1840.8	111.65
229	5	85	56.298	122.19
230	6	7	-180.95	289.6
231	6	8	-101.7	-265.2
232	6	9	23.39	108.65
233	6	10	306.42	-340.18
234	6	11	-10.72	249.63
235	6	12	179.7	227.8
236	6	13	-128.6	238.4
237	6	14	359.3	-481.65
238	6	15	-20.98	-370.3
239	6	16	53.9	-406.8
240	6	17	489.7	-118.1
241	6	18	580.48	-378.24
242	6	19	53.28	162.6
243	6	20	-202.0	339.8
244	6	21	-38.32	529.0
245	6	22	-102.54	669.9
246	6	23	-139.35	649.1
247	6	24	-44.76	709.6
248	6	25	-28.25	612.8
249	6	26	75.14	252.56
250	6	27	457.88	511.29
251	6	28	-31.09	914.2
252	6	29	17.5	448.6
253	6	30	-61.76	287.0
254	6	31	-119.2	240.8
255	6	32	212.1	431.3
256	6	33	106.3	494.7
257	6	34	-119.1	967.71
258	6	35	-399.3	695.0
259	6	36	-5.224	218.8
260	6	37	33.47	528.0
261	6	38	-48.25	645.9
262	6	39	-172.4	172.2
263	6	41	165.7	171.0
264	6	45	-52.1	762.7
265	6	48	37.63	420.0
266	6	49	-59.4	-89.24
267	6	50	-46.01	597.8
268	6	55	150.02	265.75
269	7	8	324.5	-601.8
270	7	9	-195.4	472.5
271	7	10	-116.0	480.8
272	7	11	72.87	200.8
273	7	12	233.87	124.63
274	7	13	540.5	-314.7
275	7	14	48.89	-330.4
276	7	15	168.0	-448.2
277	7	16	304.0	-598.8
278	7	17	243.2	-341.6
279	7	18	459.0	-332.9
280	7	19	112.6	242.8
281	7	20	-14.09	-66.17
282	7	21	325.44	698.24
283	7	22	370.4	708.69
284	7	23	353.68	826.76
285	7	24	497.54	1201.0
286	7	25	133.9	-274.5
287	7	26	220.6	417.9
288	7	27	399.5	360.7
289	7	28	887.1	1081.0
290	7	30	188.026	23.484
291	7	31	12.72	-137.4
292	7	33	777.1	79.18
293	7	35	-139.0	-240.0
294	7	36	160.8	386.6
295	7	39	319.0	-287.1
296	7	41	-197.5	284.4
297	7	42	-363.8	180.2
298	7	44	-452.2	832.2
299	7	46	835.6	-509.3
300	7	47	139.6	-205.7
301	7	49	407.9	-384.3
302	7	55	-255.63	627.39
303	8	9	-356.1	-133.1
304	8	10	-271.1	-155.6
305	8	11	-449.4	-36.72
306	8	12	-32.52	-234.25
307	8	13	-162.8742	-178.5461
308	8	14	-832.97	-870.8
309	8	17	119.9	-253.1
310	8	18	-305.5	-341.6
311	8	20	408.9	-11.0
312	8	22	517.27	1633.5
313	8	24	1827.0	10000.0
314	8	25	6915.0	622.3
315	8	27	-413.48	815.12
316	8	28	8483.5	1421.3
317	8	31	-687.1	838.4
318	8	41	-494.2	-167.3
319	8	44	-659.0	-234.7
320	8	50	1005.0	810.5
321	9	10	-37.36	128.0
322	9	11	-213.7	372.2
323	9	12	-190.4	385.4
324	9	13	-103.6	191.1
325	9	15	-174.2	394.6
326	9	16	-169.0	225.3
327	9	17	6201.0	-450.3
328	9	18	7.341	29.1
329	9	19	481.7	-287.5
330	9	20	669.4	-297.8
331	9	21	-191.69	286.28
332	9	22	-130.3	82.86
333	9	23	-354.55	552.1
334	9	24	-39.2	372.0
335	9	25	-119.8	518.4
336	9	26	137.5	-142.61
337	9	27	548.5	-101.5
338	9	28	216.138	303.657
339	9	29	-46.28	160.6
340	9	30	-163.7	317.5
341	9	31	71.46	135.4
342	9	32	53.59	138.0
343	9	33	245.2	-142.6
344	9	34	-246.6	443.615
345	9	35	-44.58	110.4
346	9	36	-63.5	114.55
347	9	37	-34.57	-40.9
348	9	39	-61.7	97.04
349	9	41	-18.8	123.4
350	9	42	-588.9	992.4
351	9	47	37.54	156.4
352	9	50	-162.6	278.8
353	10	11	-110.3	185.1
354	10	12	766.0	-236.5
355	10	13	304.1	-7.838
356	10	19	-106.4	224.66
357	10	20	497.5	-165.5
358	10	21	751.9	-47.51
359	10	22	67.52	190.6
360	10	23	-483.7	242.8
361	10	32	117.0	245.9
362	10	34	2.21	-55.87
363	10	36	-339.2	354.0
364	10	37	172.4	183.8
365	10	39	-268.8	13.89
366	10	41	-275.5	577.5
367	11	12	-241.8	1167.0
368	11	13	-235.7	461.3
369	11	15	-73.5	136.0
370	11	16	-196.7	2888.6001
371	11	17	475.5	-294.8
372	11	18	-0.13	8.87
373	11	19	494.6	-266.6
374	11	20	660.2	-256.3
375	11	21	-34.74	35.38
376	11	22	108.85	-132.95
377	11	23	-209.66	176.45
378	11	24	54.57	129.49
379	11	25	442.4	-171.1
380	11	26	-81.13	129.3
381	11	28	183.046	243.775
382	11	30	202.25	-146.31
383	11	31	-101.7	152.0
384	11	32	148.3	21.92
385	11	33	18.88	24.37
386	11	34	71.48	-111.45
387	11	35	52.08	41.57
388	11	36	-28.61	175.53
389	11	37	-275.2	611.3
390	11	39	85.33	-82.12
391	11	41	560.2	-234.9
392	11	47	151.8	-3.444
393	12	13	-234.0	457.3
394	12	18	-233.4	554.4
395	12	19	-47.25	99.37
396	12	20	-268.1	193.9
397	12	22	31.0	80.99
398	12	23	-126.2	235.6
399	12	24	179.7	351.9
400	12	25	24.28	383.3
401	12	29	103.9	201.5
402	12	33	298.13	-92.26
403	12	37	-11.4	134.5
404	12	39	308.9	-116.7
405	12	41	-122.3	145.4
406	13	14	-78.36	222.1
407	13	15	251.5	-56.08
408	13	16	5422.2998	-194.1
409	13	17	-46.39	285.36
410	13	18	213.2	-156.1
411	13	19	-18.51	38.81
412	13	20	664.6	-338.5
413	13	21	301.14	225.39
414	13	22	137.77	-197.71
415	13	23	-154.3	-20.93
416	13	24	47.67	113.9
417	13	25	134.8	-25.15
418	13	26	95.18	-94.49
419	13	27	155.11	220.66
420	13	28	140.896	112.382
421	13	29	-8.538	63.71
422	13	30	170.1	-87.31
423	13	31	-20.11	9.207
424	13	32	-149.5	476.6
425	13	33	-202.3	736.4
426	13	34	-156.57	173.77
427	13	35	128.8	-93.51
428	13	37	240.2	-217.9
429	13	38	-273.95	167.3
430	13	39	254.8	-158.2
431	13	40	-172.51	278.15
432	13	41	417.0	-247.8
433	13	42	1338.0	448.5
434	14	15	-107.2	127.4
435	14	16	-41.11	38.89
436	14	17	-200.7	-15.07
437	14	19	358.9	-157.3
438	14	21	-82.92	131.2
439	14	24	-99.81	261.1
440	14	25	30.05	108.5
441	14	29	-70.14	106.7
442	14	35	874.19	-366.51
443	14	39	-164.0	49.7
444	14	42	-664.4	961.8
445	14	43	275.9	-125.2
446	15	16	-189.2	865.9
447	15	17	138.54	64.3
448	15	18	431.49	-207.66
449	15	19	147.1	-108.5
450	15	24	71.23	91.13
451	15	25	-18.93	102.2
452	15	31	939.07	-213.74
453	15	38	570.9	-198.8
454	15	39	-255.22	10.03
455	15	41	-38.77	284.5
456	15	42	448.1	1464.2
457	15	43	-1327.0	1603.8
458	16	17	287.43	-24.46
459	16	19	1255.1	-446.86
460	16	21	-182.91	151.38
461	16	22	-73.85	-141.4
462	16	23	-352.9	-293.7
463	16	24	-262.0	316.9
464	16	25	-181.9	2951.0
465	16	35	243.1	-257.2
466	16	38	-196.312	116.478
467	16	39	22.05	-185.2
468	17	18	89.7	117.4
469	17	19	-281.6	777.4
470	17	20	-396.0	493.8
471	17	21	287.0	429.7
472	17	22	-111.0	140.8
473	17	24	882.0	898.2
474	17	25	617.5	334.9
475	17	27	-139.3	134.9
476	17	31	0.1004	192.3
477	17	39	-334.4	343.7
478	17	41	-89.42	-22.1
479	18	19	-169.67	134.28
480	18	20	-153.7	-313.5
481	18	22	-351.6	587.3
482	18	23	-114.73	18.98
483	18	24	-205.3	368.5
484	18	25	-2.17	20.18
485	18	27	2845.0	2475.0
486	18	33	-60.78	-42.71
487	18	37	160.7	281.6
488	18	38	-158.8	159.8
489	18	50	-136.6	221.4
490	19	20	205.27	92.07
491	19	21	4.933	54.32
492	19	22	-152.7	258.6
493	19	23	-15.62	74.04
494	19	24	-54.86	491.95
495	19	25	-4.624	363.5
496	19	26	-0.515	0.283
497	19	28	230.852	335.743
498	19	29	0.4604	161.0
499	19	31	177.5	169.6
500	19	33	-62.17	136.9
501	19	34	-203.02	329.12
502	19	36	81.57	-42.31
503	19	37	-55.77	335.2
504	19	39	-151.5	150.6
505	19	41	120.3	-61.6
506	19	47	16.23	119.2
507	20	21	13.41	519.1
508	20	22	-44.7	543.3
509	20	23	39.63	504.2
510	20	24	183.4	631.0
511	20	25	-79.08	993.4
512	20	30	-208.9	570.6
513	20	32	228.4	616.6
514	20	33	-95.0	5256.0
515	20	35	-463.6	-180.2
516	20	37	-11.16	898.2
517	20	39	-228.0	-97.77
518	20	41	-337.0	1179.0
519	20	46	-322.3	-70.25
520	21	22	108.31	-84.53
521	21	23	249.15	-157.1
522	21	24	62.42	11.8
523	21	25	153.0	-129.7
524	21	26	32.73	113.0
525	21	27	86.2	1971.0
526	21	28	450.088	-73.092
527	21	29	59.02	-27.94
528	21	30	65.56	-39.46
529	21	32	2.22	179.25
530	21	33	344.4	-262.3
531	21	37	-168.2	383.2
532	21	39	6.57	-55.21
533	21	41	63.67	182.2
534	22	23	0.0	0.0
535	22	24	56.33	17.97
536	22	25	223.1	-8.309
537	22	26	108.9	-9.639
538	22	30	149.56	-116.21
539	22	32	177.6	-40.82
540	22	33	315.9	-174.5
541	22	35	215.0	-215.0
542	22	37	-91.8	301.9
543	22	39	-160.28	397.24
544	22	41	-96.87	305.4
545	22	47	361.1	-194.7
546	23	24	-30.1	51.9
547	23	25	192.1	-0.2266
548	23	28	116.612	-26.058
549	23	30	-64.38	48.484
550	23	32	86.4	21.76
551	23	33	168.8	-46.8
552	23	35	363.7	-343.6
553	23	37	111.2	-149.8
554	23	41	255.8	-193.0
555	23	44	-35.68	-196.2
556	23	48	565.9	-363.1
557	24	25	-75.97	248.4
558	24	26	490.88	-34.68
559	24	27	534.7	514.6
560	24	28	132.2	-60.71
561	24	30	546.68	-133.16
562	24	32	247.8	48.49
563	24	33	146.6	77.55
564	24	35	337.7	-58.43
565	24	36	369.49	-85.148
566	24	37	187.1	-134.2
567	24	38	215.2	-124.6
568	24	39	498.6	-186.7
569	24	41	256.5	335.7
570	24	43	233.1	70.81
571	24	47	423.1	3.163
572	24	48	63.95	-11.3
573	24	50	108.5	-79.34
574	24	55	585.19	75.04
575	25	26	132.7	132.9
576	25	27	2213.0	-123.1
577	25	33	593.4	-185.3
578	25	35	1337.37	-334.12
579	25	39	5143.1401	-374.16
580	25	40	309.58	33.95
581	25	41	-71.18	956.1
582	25	44	-209.7	161.5
583	25	47	434.1	7.082
584	26	27	533.2	-85.12
585	26	28	320.2	277.8
586	26	31	139.822	481.348
587	26	32	304.3	64.28
588	26	33	10.17	125.3
589	26	34	-27.701	174.433
590	26	37	10.76	379.4
591	26	39	-223.1	223.6
592	26	41	248.4	-124.7
593	26	45	-218.9	844.0
594	26	50	-4.565	176.3
595	27	32	2990.0	2448.0
596	27	33	-124.0	4288.0
597	28	32	292.7	-27.45
598	28	37	-47.37	167.9
599	28	41	469.8	885.5
600	29	35	31.66	85.7
601	29	39	78.92	-71.0
602	29	44	1004.2	-274.1
603	29	48	-18.27	6.971
604	30	41	43.37	-64.28
605	31	35	-417.2	535.8
606	31	39	302.2	-191.7
607	31	41	347.8	-264.3
608	31	44	-262.0	262.0
609	31	47	-353.5	515.8
610	32	33	6.37	37.1
611	32	41	68.55	288.1
612	33	35	32.9	-111.2
613	33	37	-48.33	322.42
614	33	39	336.25	-176.26
615	33	41	-195.1	627.7
616	34	37	2073.2	631.5
617	34	39	-119.8	6.699
618	35	39	-97.71	136.6
619	35	41	153.7	-29.34
620	36	37	-208.8	837.2
621	36	39	-8.804	5.15
622	36	41	423.4	-53.91
623	37	39	255.0	-137.7
624	37	41	730.8	-198.0
625	37	44	26.35	-66.31
626	37	48	2429.0	148.9
627	38	39	-110.65	50.06
628	38	40	-117.17	185.6
629	39	40	-5.579	55.8
630	39	41	72.31	-28.65
631	40	45	111.8	-32.17
632	41	47	122.4	101.2
633	42	43	-2166.0	745.3
634	84	85	1517.5	-1869.9